   9.731500E+02    0.259    0.741   3.068571E-02   6.104824E-04  -1.406613E+00
   9.481500E+02    0.195    0.805   4.011885E-02   7.155666E-04  -8.673585E-01
   9.231500E+02    0.153    0.847   5.034795E-02   8.065308E-04  -3.485557E-01
   8.981500E+02    0.125    0.875   6.116936E-02   8.798553E-04   1.578245E-01
   8.731500E+02    0.104    0.896   7.242426E-02   9.335515E-04   6.583642E-01
   8.481500E+02    0.089    0.911   8.399097E-02   9.667831E-04   1.158493E+00
   8.231500E+02    0.078    0.922   9.577674E-02   9.796083E-04   1.662821E+00
   7.981500E+02    0.069    0.931   1.077110E-01   9.728087E-04   2.175424E+00
   7.731500E+02    0.063    0.937   1.197399E-01   9.477643E-04   2.700062E+00
   7.481500E+02    0.057    0.943   1.318225E-01   9.063545E-04   3.240358E+00
   7.231500E+02    0.053    0.947   1.439271E-01   8.508685E-04   3.799934E+00
   6.981500E+02    0.049    0.951   1.560295E-01   7.839187E-04   4.382535E+00
   6.731500E+02    0.046    0.954   1.681106E-01   7.083490E-04   4.992152E+00
   6.481500E+02    0.043    0.957   1.801557E-01   6.271363E-04   5.633131E+00
   6.231500E+02    0.041    0.959   1.921532E-01   5.432836E-04   6.310309E+00
   5.981500E+02    0.039    0.961   2.040939E-01   4.597052E-04   7.029152E+00
   5.731500E+02    0.037    0.963   2.159704E-01   3.791076E-04   7.795937E+00
   5.481500E+02    0.036    0.964   2.277767E-01   3.038709E-04   8.617959E+00
   5.231500E+02    0.034    0.966   2.395081E-01   2.359388E-04   9.503801E+00
   4.981500E+02    0.033    0.967   2.511606E-01   1.767255E-04   1.046368E+01
   4.731500E+02    0.031    0.969   2.627308E-01   1.270513E-04   1.150989E+01
   4.481500E+02    0.030    0.970   2.742161E-01   8.711715E-05   1.265741E+01
   4.231500E+02    0.029    0.971   2.856140E-01   5.652763E-05   1.392470E+01
   3.981500E+02    0.028    0.972   2.969226E-01   3.436790E-05   1.533481E+01
   3.731500E+02    0.027    0.973   3.081399E-01   1.933323E-05   1.691693E+01
   3.481500E+02    0.026    0.974   3.192643E-01   9.900120E-06   1.870857E+01
   3.231500E+02    0.025    0.975   3.302940E-01   4.517221E-06   2.075886E+01
   2.981500E+02    0.025    0.975   3.412271E-01   1.784703E-06   2.313334E+01
   2.731500E+02    0.024    0.976   3.520613E-01   5.871038E-07   2.592154E+01
   9.731500E+02    0.260    0.740   3.056245E-02   6.074595E-04  -1.412499E+00
   9.981500E+02    0.364    0.636   2.218824E-02   4.939587E-04  -1.982373E+00
   1.023150E+03    0.541    0.459   1.517476E-02   3.809021E-04  -2.589196E+00
   1.048150E+03    0.888    0.112   9.418599E-03   2.680024E-04  -3.272726E+00
   1.073150E+03    1.850   -0.850   4.604453E-03   1.488634E-04  -4.178760E+00
   1.098150E+03   14.605  -13.605   5.948221E-04   2.187224E-05  -6.401653E+00