   1.073150E+03    0.648    0.352   6.864202E-03   5.191336E-04  -4.655849E+00
   1.046900E+03    0.364    0.636   1.134036E-02   7.903113E-04  -3.990080E+00
   1.020650E+03    0.225    0.775   1.684420E-02   1.086532E-03  -3.415327E+00
   9.944000E+02    0.143    0.857   2.376325E-02   1.430306E-03  -2.872154E+00
   9.681500E+02    0.093    0.907   3.215409E-02   1.822578E-03  -2.348769E+00
   9.419000E+02    0.061    0.939   4.169100E-02   2.241108E-03  -1.847372E+00
   9.156500E+02    0.040    0.960   5.210083E-02   2.669469E-03  -1.363068E+00
   8.894000E+02    0.026    0.974   6.316398E-02   3.095029E-03  -8.898298E-01
   8.631500E+02    0.016    0.984   7.470738E-02   3.507559E-03  -4.220823E-01
   8.369000E+02    0.009    0.991   8.659705E-02   3.898455E-03   4.507194E-02
   8.106500E+02    0.004    0.996   9.873001E-02   4.260214E-03   5.159546E-01
   7.844000E+02    0.000    1.000   1.110273E-01   4.586107E-03   9.944881E-01
   7.581500E+02   -0.002    1.002   1.234286E-01   4.869997E-03   1.484366E+00
   7.319000E+02   -0.004    1.004   1.358875E-01   5.106241E-03   1.989205E+00
   7.056500E+02   -0.005    1.005   1.483684E-01   5.289663E-03   2.512677E+00
   6.794000E+02   -0.005    1.005   1.608443E-01   5.415582E-03   3.058638E+00
   6.531500E+02   -0.005    1.005   1.732941E-01   5.479900E-03   3.631253E+00
   6.269000E+02   -0.005    1.005   1.857020E-01   5.479228E-03   4.235126E+00
   6.006500E+02   -0.004    1.004   1.980560E-01   5.411071E-03   4.875459E+00
   5.744000E+02   -0.003    1.003   2.103470E-01   5.274057E-03   5.558226E+00
   5.481500E+02   -0.002    1.002   2.225685E-01   5.068216E-03   6.290396E+00
   5.219000E+02   -0.001    1.001   2.347158E-01   4.795307E-03   7.080214E+00
   4.956500E+02    0.001    0.999   2.467857E-01   4.459167E-03   7.937559E+00
   4.694000E+02    0.002    0.998   2.587762E-01   4.066076E-03   8.874426E+00
   4.431500E+02    0.004    0.996   2.706859E-01   3.625083E-03   9.905567E+00
   4.169000E+02    0.005    0.995   2.825142E-01   3.148235E-03   1.104937E+01
   3.906500E+02    0.007    0.993   2.942607E-01   2.650628E-03   1.232910E+01
   3.644000E+02    0.008    0.992   3.059248E-01   2.150141E-03   1.377465E+01
   3.381500E+02    0.009    0.991   3.175056E-01   1.666740E-03   1.542511E+01
   3.119000E+02    0.010    0.990   3.290015E-01   1.221174E-03   1.733267E+01
   2.856500E+02    0.011    0.989   3.404095E-01   8.329793E-04   1.956859E+01
   2.731500E+02    0.011    0.989   3.458098E-01   6.730600E-04   2.077627E+01
   1.073150E+03    0.648    0.352   6.867592E-03   5.210816E-04  -4.659668E+00
   1.099400E+03    1.459   -0.459   3.257885E-03   2.689822E-04  -5.555902E+00
   1.125650E+03   13.444  -12.444   3.757640E-04   3.381581E-05  -7.855134E+00