   8.731500E+02    0.030    0.970   7.040494E-02   8.928827E-04   5.965748E-01
   8.531500E+02    0.026    0.974   7.964758E-02   9.229326E-04   9.991126E-01
   8.331500E+02    0.023    0.977   8.904518E-02   9.400189E-04   1.403207E+00
   8.131500E+02    0.021    0.979   9.855728E-02   9.444148E-04   1.811130E+00
   7.931500E+02    0.019    0.981   1.081514E-01   9.366568E-04   2.224958E+00
   7.731500E+02    0.018    0.982   1.178015E-01   9.175092E-04   2.646646E+00
   7.531500E+02    0.017    0.983   1.274865E-01   8.879327E-04   3.078091E+00
   7.331500E+02    0.016    0.984   1.371894E-01   8.490556E-04   3.521177E+00
   7.131500E+02    0.015    0.985   1.468967E-01   8.021463E-04   3.977820E+00
   6.931500E+02    0.014    0.986   1.565969E-01   7.485835E-04   4.450011E+00
   6.731500E+02    0.014    0.986   1.662810E-01   6.898261E-04   4.939852E+00
   6.531500E+02    0.013    0.987   1.759416E-01   6.273803E-04   5.449597E+00
   6.331500E+02    0.013    0.987   1.855724E-01   5.627651E-04   5.981698E+00
   6.131500E+02    0.013    0.987   1.951684E-01   4.974745E-04   6.538847E+00
   5.931500E+02    0.012    0.988   2.047252E-01   4.329401E-04   7.124035E+00
   5.731500E+02    0.012    0.988   2.142394E-01   3.704916E-04   7.740612E+00
   5.531500E+02    0.012    0.988   2.237080E-01   3.113192E-04   8.392361E+00
   5.331500E+02    0.012    0.988   2.331284E-01   2.564374E-04   9.083589E+00
   5.131500E+02    0.011    0.989   2.424984E-01   2.066547E-04   9.819235E+00
   4.931500E+02    0.011    0.989   2.518164E-01   1.625481E-04   1.060501E+01
   4.731500E+02    0.011    0.989   2.610806E-01   1.244487E-04   1.144754E+01
   8.731500E+02    0.030    0.970   7.039366E-02   8.926585E-04   5.962276E-01
   8.931500E+02    0.035    0.965   6.135645E-02   8.496709E-04   1.926696E-01
   9.131500E+02    0.042    0.958   5.258760E-02   7.941573E-04  -2.148591E-01
   9.331500E+02    0.052    0.948   4.416511E-02   7.269666E-04  -6.298808E-01
   9.531500E+02    0.065    0.935   3.618500E-02   6.495095E-04  -1.056647E+00
   9.731500E+02    0.086    0.914   2.876410E-02   5.639252E-04  -1.500281E+00
   9.931500E+02    0.116    0.884   2.204205E-02   4.733317E-04  -1.966664E+00
   1.013150E+03    0.164    0.836   1.618047E-02   3.821738E-04  -2.461388E+00
   1.033150E+03    0.245    0.755   1.122697E-02   2.929665E-04  -2.998185E+00
   1.053150E+03    0.412    0.588   6.940259E-03   2.005031E-04  -3.639131E+00
   1.073150E+03    0.919    0.081   3.231570E-03   1.034843E-04  -4.553496E+00
   1.093150E+03   91.629  -90.629   3.367095E-05   1.195882E-06  -9.258696E+00